63
48
 2047 2004 1987 2122 2329 2200 2153 2241 2224 2171 2506 2466 2503 2281 2160 2172 2123 2098 2030 1944 1964 1867 1861 1794 1811 1824 1771 1877 2046 2056 1946 1790 1746 2105 2428 2589 2502 2271 2260 2131 1877 1703 1578 1464 1397 1376 1370 1365 1353 1391 1533 1651 1767 1773 1703 1674 1640 1558 1592 1641 1687 1768 1911
 2169 2196 2153 2102 2323 2346 2319 2342 2352 2420 2605 2449 2262 2253 2270 2122 2049 2015 1990 1949 1925 1977 1888 1793 1762 1751 1748 1793 1938 1939 1686 1747 2105 2378 2549 2664 2574 2487 2453 2260 2050 1863 1653 1516 1445 1411 1382 1364 1361 1362 1463 1702 1824 1846 1760 1685 1656 1590 1636 1700 1730 1815 1974
 2065 2233 2281 2255 2204 2266 2368 2406 2407 2460 2509 2339 2386 2528 2421 2208 2226 2134 2086 2064 1913 1888 1876 1836 1795 1749 1717 1737 1849 1998 1757 1933 2287 2530 2596 2710 2733 2690 2599 2449 2265 1978 1733 1618 1531 1475 1412 1380 1373 1388 1585 1798 1866 1818 1755 1785 1777 1734 1716 1848 1844 1874 1984
 2135 2226 2184 2074 2022 2099 2180 2208 2277 2354 2401 2346 2217 2125 2054 2009 2046 2170 2022 1894 1832 1794 1800 1800 1792 1769 1705 1754 1933 2039 1801 1838 2218 2330 2465 2678 2892 2661 2429 2244 2143 2024 1784 1689 1604 1526 1453 1411 1398 1460 1676 1859 1917 1872 1801 1833 1867 1886 1757 1892 2061 2030 1966
 2216 2175 2001 2005 2078 2136 2192 2233 2287 2367 2569 2472 2262 2218 2240 2135 2038 1958 1928 1950 1919 1806 1762 1752 1802 1879 1739 1739 1822 1917 1894 1791 2036 2218 2400 2702 2915 2644 2474 2266 2104 1975 1789 1704 1670 1586 1559 1462 1431 1482 1694 1915 1953 1858 1810 1841 1857 1841 1780 1868 2022 1977 1836
 1883 1974 1970 2149 2192 2232 2316 2287 2354 2313 2396 2535 2495 2301 2091 2084 2101 2028 1955 1964 1915 1834 1796 1769 1760 1743 1795 1781 1762 1791 1783 2014 2216 2371 2504 2776 2930 2729 2483 2332 2116 1859 1749 1669 1735 1715 1561 1449 1439 1518 1604 1769 1950 1957 1892 1888 1864 1860 1932 2006 1956 1737 1657
 1988 2042 2140 2207 2233 2271 2286 2165 2153 2258 2370 2309 2293 2223 2170 2271 2185 2041 1994 1947 1955 1896 1810 1798 1773 1780 1831 1847 1920 1971 2113 2047 2072 2218 2475 2706 2884 3067 2748 2373 2115 1949 1781 1679 1627 1499 1532 1586 1667 1650 1744 1859 1988 2070 1947 1892 1986 1947 1988 1877 1671 1587 1539
 2090 2041 2077 2107 2128 2157 2126 2003 2005 2150 2207 2247 2245 2074 2033 2044 2046 1948 1960 1892 1879 1813 1791 1775 1756 1793 1943 1971 2037 2046 2146 2265 2278 2478 2524 2816 2982 2778 2608 2440 2254 2028 1845 1662 1563 1550 1666 1730 1763 1772 1819 2009 2182 2059 1908 1869 1754 1692 1702 1594 1462 1440 1408
 1941 1952 1919 1919 1900 1900 1944 2026 2075 2117 2094 2148 2195 2135 1960 1880 1924 1922 1853 1853 1831 1866 1825 1800 1793 1781 1895 2016 2099 2174 2220 2365 2354 2525 2752 2936 2869 2842 2680 2742 2378 1984 1735 1564 1536 1597 1727 1770 1820 1869 1952 2126 2266 1968 1788 1785 1601 1534 1488 1390 1355 1348 1339
 1840 1875 1991 2013 2041 2046 2042 2037 2155 2133 2191 2211 2224 2356 2134 2082 2025 1951 2040 1950 1893 1968 1866 1814 1786 1797 1902 2015 2090 2225 2403 2444 2620 2678 2728 2829 2667 2633 2629 2539 2136 1824 1606 1537 1533 1552 1609 1717 1818 1901 1990 2157 2133 1888 1820 1712 1709 1545 1405 1343 1328 1322 1315
 1999 2047 2078 2103 2032 2110 2061 1943 2052 2088 2086 2055 2309 2322 2135 2038 2041 2178 2103 1935 1897 1961 1884 1864 1907 1904 1963 2123 2256 2357 2486 2518 2703 2713 2564 2488 2493 2517 2666 2450 2119 1743 1546 1534 1532 1540 1560 1628 1756 1856 1988 1954 1831 1749 1776 1777 1560 1408 1337 1325 1317 1315 1323
 1935 1934 1859 1820 1984 2121 2047 1784 1930 1918 1855 1987 2183 2251 2389 2188 2283 2355 2238 1964 1950 1982 1968 2202 2192 2078 2142 2166 2253 2251 2201 2269 2445 2251 2238 2125 2271 2308 2525 2137 1974 1656 1540 1534 1531 1533 1540 1637 1827 2122 2122 1853 1691 1645 1600 1678 1441 1332 1320 1317 1325 1332 1415
 1768 1761 1613 2059 2263 2133 1811 1577 1693 1789 1773 1835 1903 1997 2330 2510 2357 2228 2150 1954 2074 2195 2174 2245 2410 2270 2213 2192 2092 1982 1981 2059 2092 1958 1963 1967 2031 2213 2387 2008 1968 1662 1550 1535 1530 1530 1537 1632 1881 2110 2008 1794 1659 1611 1505 1506 1427 1326 1324 1329 1335 1375 1476
 1445 1314 1617 1825 2066 1880 1431 1823 1983 2070 2022 1957 2064 2186 2109 2313 2474 2299 2149 1995 1968 2082 2191 2354 2424 2276 2107 1980 1919 1901 1902 1951 1953 1898 1898 1899 1943 2250 2421 2082 2029 1719 1614 1557 1533 1563 1655 1736 1805 1894 1781 1628 1534 1496 1431 1405 1377 1338 1353 1354 1411 1487 1663
 1350 1219 1162 1216 1268 1540 1632 1919 2096 2091 2039 2111 2270 2429 2316 2318 2421 2347 2221 2020 1925 2144 2282 2342 2330 2217 2037 1914 1898 1898 1898 1898 1900 1898 1898 1898 1914 2220 2402 2146 2191 1896 1850 1650 1590 1642 1711 1569 1547 1650 1641 1560 1492 1458 1458 1407 1368 1406 1408 1437 1521 1620 1810
 1914 1586 1465 1622 1588 1957 2108 2115 2061 1885 1847 2043 2230 2404 2515 2509 2364 2130 1987 1962 1947 2203 2174 2112 2064 2041 1964 1898 1898 1898 1898 1898 1898 1898 1898 1898 1913 2371 2561 2371 2341 2287 2012 1719 1604 1482 1468 1452 1453 1492 1472 1502 1482 1456 1439 1441 1512 1503 1502 1539 1640 1816 2130
 1964 1895 1769 1714 1850 1972 2118 2119 1875 1741 1804 2009 2036 2081 2413 2434 2493 2268 2153 2040 1995 2204 2224 2070 1976 1919 1920 1898 1898 1898 1898 1898 1898 1898 1898 1898 1905 2245 2468 2516 2434 2311 1984 1714 1549 1462 1440 1427 1422 1412 1420 1467 1471 1579 1659 1621 1685 1654 1582 1608 1759 1967 2163
 1897 1908 1995 1960 2002 1990 1988 2004 1758 1751 1932 2194 2422 2109 2305 2276 2228 2367 2177 2324 2186 2049 2059 1960 1899 1898 1898 1898 1898 1898 1898 1898 1898 1898 1898 1898 1939 2205 2438 2601 2524 2261 2051 1770 1514 1470 1431 1417 1413 1409 1446 1481 1542 1646 1674 1805 1810 1683 1613 1669 1876 2011 2049
 1755 1984 2085 1935 1842 1883 1993 1780 1665 1786 1989 2197 2400 2250 2215 2125 2122 2435 2308 2222 2116 2139 2095 1946 1898 1898 1898 1898 1898 1898 1898 1898 1898 1898 1898 1898 1959 2259 2473 2641 2640 2413 2063 1724 1672 1564 1436 1422 1494 1412 1448 1600 1594 1650 1748 1868 1844 1730 1670 1740 1873 1997 2221
 1874 1916 1842 1719 1866 1985 1880 1679 1767 1980 2046 2041 2120 2347 2300 2088 2111 2396 2239 2184 2258 2130 1979 1903 1898 1898 1898 1898 1898 1898 1898 1898 1898 1898 1898 1911 2075 2255 2402 2394 2477 2144 1900 1860 1800 1609 1446 1442 1555 1532 1469 1682 1713 1735 1811 1872 1841 1796 1746 1799 1919 2034 2166
 1791 1725 1621 1669 1689 1695 1616 1673 1925 2057 1961 2069 2172 2148 2068 1931 2105 2314 2422 2421 2263 2126 2005 1898 1898 1898 1898 1898 1898 1898 1898 1898 1898 1898 1898 1996 2052 2200 2284 2100 2038 1881 1732 1719 1660 1544 1450 1439 1510 1546 1469 1700 1876 1882 1833 1926 1953 1903 1784 1825 1959 2048 2115
 1700 1559 1639 1582 1739 1757 1836 1904 1914 1768 1773 1984 1975 1847 1887 2062 2145 2474 2335 2103 2065 2155 1974 1898 1898 1898 1898 1898 1898 1898 1898 1898 1898 1898 1899 1930 2064 2182 2239 2208 2034 1761 1742 1724 1576 1490 1470 1422 1427 1465 1515 1691 1954 1941 1863 1895 2025 2015 1906 1868 2044 2086 2111
 1495 1653 1497 1752 1823 1859 1906 1761 1542 1459 1552 1504 1629 1956 2225 2323 2325 2462 2308 2113 2326 2261 2044 1900 1898 1898 1898 1898 1898 1898 1898 1898 1898 1898 1898 1908 2029 2165 2274 2433 2198 1701 1560 1565 1537 1464 1429 1415 1509 1521 1530 1662 1899 1931 1842 1861 2030 2175 2158 1966 1974 1987 2099
 1423 1407 1569 1764 1682 1633 1679 1540 1512 1901 2112 1787 1611 1657 1888 2156 2255 2269 2367 2400 2485 2428 2156 1960 1928 1906 1898 1898 1898 1898 1898 1898 1898 1898 1898 1902 2122 2290 2509 2480 2181 1783 1563 1535 1536 1440 1418 1423 1563 1662 1566 1621 1735 1824 1794 1837 1921 2116 2152 2104 2091 2085 2205
 1304 1447 1558 1529 1519 1674 1570 1410 1738 2101 2183 2273 2030 1952 1762 1825 2030 2151 2267 2375 2401 2246 2101 2022 1972 1922 1898 1898 1898 1898 1898 1898 1898 1898 1898 1923 2245 2384 2548 2631 2466 2075 1622 1457 1426 1420 1421 1428 1469 1531 1553 1612 1659 1704 1728 1777 1847 2014 2045 2162 2341 2134 2182
 1522 1414 1422 1485 1699 1560 1337 1594 1882 1933 2011 2114 2176 2136 2089 2038 1902 2006 2173 2238 2236 2219 2094 2045 1962 1917 1898 1898 1898 1898 1898 1898 1898 1898 1898 1925 2123 2369 2531 2496 2331 1947 1505 1423 1422 1423 1425 1430 1445 1479 1541 1606 1622 1644 1700 1731 1851 2028 2061 2088 2220 2080 2105
 1374 1358 1564 1730 1719 1388 1510 1781 1865 1822 1843 1898 1989 1986 1974 2048 1993 1907 2018 2285 2296 2271 2232 2085 2077 1933 1898 1898 1898 1898 1898 1898 1898 1898 1898 1917 2069 2271 2418 2534 2070 1644 1436 1424 1423 1425 1429 1436 1454 1477 1518 1564 1592 1616 1652 1705 1772 1943 1960 1970 2040 2007 2087
 1366 1553 1628 1684 1578 1305 1616 1763 1817 1810 1793 1934 1967 1944 1960 2071 2103 2002 1979 2100 2332 2330 2264 2380 2344 2032 1927 1898 1898 1898 1898 1898 1898 1898 1898 1939 2075 2273 2403 2385 2022 1616 1429 1425 1426 1428 1434 1439 1453 1472 1495 1535 1560 1586 1629 1663 1697 1828 1854 1856 1924 1959 2092
 1503 1553 1609 1611 1367 1399 1709 1772 1692 1667 1747 1816 1957 1961 2009 2104 2235 2228 2104 2030 2241 2410 2482 2443 2577 2318 2018 1898 1898 1898 1898 1898 1898 1898 1898 1924 1990 2116 2253 2342 2134 1899 1477 1427 1428 1432 1436 1443 1453 1470 1491 1515 1549 1569 1601 1655 1691 1740 1779 1802 1901 2008 2037
 1514 1552 1491 1259 1257 1495 1623 1650 1638 1675 1757 1824 1885 1944 2113 2228 2361 2456 2280 2140 2152 2334 2423 2625 2566 2556 2084 1904 1898 1898 1898 1898 1898 1898 1898 1905 1948 2069 2233 2208 1922 1674 1433 1429 1431 1434 1439 1446 1459 1474 1494 1518 1567 1588 1618 1642 1694 1740 1794 1851 1878 1927 2021
 1491 1476 1250 1279 1636 1586 1619 1558 1585 1645 1678 1764 1933 2066 2111 2155 2301 2535 2507 2290 2224 2301 2443 2588 2442 2212 1991 1964 1899 1898 1898 1898 1898 1901 1903 1922 2057 2409 2618 2426 2136 1668 1435 1431 1433 1437 1442 1448 1457 1472 1498 1541 1563 1572 1598 1628 1675 1748 1850 1919 2052 2088 2089
 1177 1135 1234 1529 1645 1769 1765 1809 1787 1702 1714 1797 1981 2015 2015 2038 2138 2303 2537 2530 2384 2268 2454 2437 2405 2416 2157 1987 1930 1926 1913 1902 1903 1913 1917 1981 2320 2704 2806 2419 1979 1604 1446 1434 1436 1439 1445 1453 1461 1473 1497 1530 1572 1566 1591 1637 1698 1734 1829 1930 2129 2247 2202
 1331 1463 1488 1550 1697 1729 1625 1779 1893 1766 1729 1760 1880 1914 1944 2091 2156 2279 2434 2648 2579 2331 2585 2587 2612 2411 2558 2135 1990 1961 2025 1936 1914 1921 1930 2041 2391 2707 2845 2501 1969 1640 1468 1439 1438 1441 1447 1458 1469 1475 1496 1530 1599 1611 1624 1677 1729 1719 1793 1893 2010 2213 2277
 1426 1464 1510 1619 1745 1603 1586 1737 1687 1594 1622 1739 1790 1855 2026 2175 2259 2294 2345 2523 2586 2482 2468 2783 2652 2658 2726 2339 1976 2014 2066 1999 1945 1948 1951 2027 2157 2365 2455 2726 2284 1792 1544 1452 1442 1444 1452 1468 1486 1488 1497 1528 1578 1610 1658 1716 1760 1739 1821 1924 2073 2448 2565
 1463 1532 1636 1627 1592 1532 1540 1511 1513 1488 1538 1596 1658 1752 1893 2124 2192 2270 2253 2331 2554 2616 2479 2715 2480 2388 2378 2230 1990 2083 1954 2001 1941 1956 2021 2241 2513 2541 2578 2775 2715 2057 1706 1465 1447 1450 1456 1475 1492 1527 1510 1531 1585 1641 1687 1743 1874 1855 1855 1959 2113 2389 2725
 1408 1464 1585 1611 1547 1470 1491 1474 1484 1529 1588 1614 1636 1700 1842 2000 2098 2129 2151 2266 2467 2722 2693 2494 2486 2398 2298 2327 2321 2036 1972 1928 1961 1982 2091 2331 2737 2854 2914 3019 2803 2681 2175 1581 1479 1460 1463 1487 1538 1568 1578 1606 1642 1658 1782 1825 1964 1996 1961 2062 2235 2421 2621
 1178 1336 1454 1440 1456 1454 1519 1662 1659 1533 1531 1555 1635 1767 1802 1909 1960 2079 2140 2249 2477 2606 2757 2645 2461 2508 2491 2420 2421 2148 1972 1969 2080 2115 2375 2376 2453 2777 3012 2859 3017 2561 2032 1858 1557 1478 1480 1521 1567 1564 1585 1651 1630 1686 1821 2017 2004 2091 2098 2145 2308 2565 2522
 1122 1381 1398 1452 1493 1492 1502 1653 1700 1623 1641 1640 1715 1852 1892 1944 2058 2094 2129 2238 2295 2410 2554 2596 2379 2443 2618 2513 2409 2295 2110 2017 2301 2340 2625 2608 2667 2701 2633 2725 2822 2460 2289 2099 1679 1520 1504 1553 1590 1592 1608 1717 1714 1841 1799 1945 2071 2219 2238 2266 2434 2630 2571
 1261 1343 1398 1468 1527 1517 1615 1708 1687 1618 1644 1733 1713 1749 1938 2015 2047 2063 2107 2182 2286 2311 2351 2351 2148 2096 2316 2184 2205 2284 2251 2020 2442 2590 2647 2770 2781 2596 2550 2633 2637 2742 2491 2088 1724 1563 1543 1573 1652 1665 1638 1707 1803 1857 1906 1841 1907 2045 2173 2351 2633 2705 2507
 1335 1357 1403 1450 1443 1458 1518 1546 1578 1658 1710 1713 1821 1878 1957 2040 2097 2107 2059 2146 2008 2047 2202 1960 1953 2065 2104 2257 2482 2560 2357 2056 2334 2471 2509 2682 2557 2320 2401 2529 2555 2711 2477 1991 1690 1611 1619 1627 1679 1753 1677 1698 1813 1857 1841 1839 1841 1939 2087 2337 2499 2497 2554
 1184 1288 1231 1237 1162 1211 1312 1281 1309 1439 1466 1658 1867 1720 1547 1646 1695 1683 1671 1718 1817 1792 1821 1830 2007 2269 2295 2388 2560 2634 2371 2214 2321 2545 2643 2441 2224 2187 2312 2320 2462 2534 2141 1750 1661 1688 1677 1694 1786 1736 1622 1769 1795 1844 1982 1937 1829 1884 2085 2276 2116 2218 2368
 1057 1036 1063 1086 1205 1173 1155 1299 1315 1212 1249 1304 1367 1313 1349 1472 1683 1763 1843 2064 2187 2145 2045 2119 2125 2058 2229 2509 2539 2627 2360 2355 2434 2515 2534 2320 2195 2322 2393 2310 2099 2041 1903 1763 1713 1699 1735 1795 1696 1648 1693 1810 1817 1942 2109 2137 1963 1843 2007 2052 1863 1906 1986
 1218 1205 1233 1309 1380 1419 1365 1319 1459 1492 1471 1581 1544 1563 1611 1662 1579 1655 1848 1960 2062 2161 2268 2372 2349 2388 2208 2490 2659 2710 2467 2492 2596 2712 2473 2244 2191 2366 2601 2599 2682 2484 2097 1824 1800 1733 1773 1780 1727 1814 1939 2071 1987 1970 2108 2312 2165 1876 1754 1904 1729 1681 1666
 1132 1192 1247 1271 1296 1374 1484 1436 1382 1554 1671 1633 1731 1742 1812 1916 1885 1603 1669 1896 1980 2075 2147 2238 2356 2383 2314 2477 2644 2717 2692 2554 2662 2866 2514 2255 2210 2360 2514 2721 2811 2562 2110 1893 1899 1826 1801 1753 1977 2061 2114 2253 2177 2045 2095 2220 2202 2036 1738 1697 1640 1596 1561
 1193 1287 1286 1384 1442 1456 1475 1544 1564 1590 1675 1714 1646 1681 1750 1847 1915 1769 1700 1744 1874 1951 2031 2079 2077 2139 2212 2344 2397 2482 2647 2682 2698 2855 2456 2290 2312 2367 2558 2565 2666 2374 2109 2012 1878 1861 1735 1838 2099 2313 2366 2390 2191 2147 2286 2267 2271 2216 1867 1694 1679 1602 1541
 1173 1412 1420 1402 1441 1507 1536 1625 1685 1738 1785 1825 1749 1700 1821 1928 1940 1851 1829 1756 1782 1925 1928 2019 2209 2359 2461 2449 2425 2407 2443 2544 2648 2570 2410 2398 2327 2405 2601 2445 2136 1921 1862 1897 1895 1756 1707 1885 2113 2306 2402 2430 2285 2279 2466 2445 2399 2387 2064 1641 1613 1610 1555
 1282 1382 1345 1374 1434 1466 1501 1533 1561 1666 1735 1756 1823 1849 1800 1893 1942 2016 1942 1909 1824 1914 2044 2123 2161 2294 2544 2634 2467 2530 2488 2619 2615 2707 2509 2422 2319 2407 2435 2399 2348 2292 1993 1841 1784 1792 1806 1763 1887 2111 2209 2218 2341 2351 2506 2583 2463 2353 2051 1629 1523 1567 1556
 1112 1171 1322 1493 1499 1467 1513 1604 1686 1785 1809 1844 1887 1892 1918 2025 2052 2046 2084 1963 1948 2001 2027 2163 2259 2229 2383 2632 2745 2666 2646 2816 2861 2767 2601 2474 2421 2414 2576 2584 2558 2373 2126 1907 1872 1986 2002 2010 1880 1982 2018 2117 2257 2358 2477 2519 2398 2200 1955 1683 1536 1558 1524
